INDEX·

1411166442.

Pisces, 83.

Pistoria, 431.

Plato, 6. 12. 13. 14. 1619. 21. 22. 24.
30. 63. 64. 69. 72. 99. 101. 104.
106. 107. 108. 110113122131.
135. 138. 158. 163. 164.165.176.
180. 188. 189. 190. 196.197.201.
213. 214. 222. 246. 279. 280. 281.
284. 289. 290. 293. 339. 341. 343.
349. 350. 351. 353. 354. 358. 359.
360. 361. 363. 365. 372. 374 376.
379. 381. 386. 388. 401. 408. 416.
417. 424. 431. 444.

Platonici, 39. 49. 141. 180. 278. 358.
360. 384. 385.

Plinianus [ci. PliniusJ, 355.

Ρ11666, 17. 86, 90. 183. 185. 216. 276.
315. 412.

Ρ1611666, 104106. 107. 108. 1⁵82 350.
358. 365. 371. 380.

Ρ16166166, 285.

Plutarchus, 87.

Pluto, 28. 34. 432. 445.

Ρ6161666,154.

Pollux, 99. 178. 289. 428.

Pompeius, 38. 99. ⁴

Ponticus {Heraclitush 110.

Pontius Pilatus, 238. “

Popilius [1166661359.

Porphirius, 20. 22. 27.105.106.357.
358. 361. 371.

Ρ6661666166, 99.

Praedicatores 101111211, 445.

Priscilliani, 383.

Promethaeus, 340. 362. 417. 427.

Proserpina, 34. 277. 401.

Protagoras, 162. 174

Ρ16111666166, 98.

Prudentius, 95. 411.

Psalmista 1611166161, 29. 156. 160.
171. 218. 285 308. 316. 386.

Ρ1616616666, 8. 255. 321. 322.

Q

quintinianus, ³2. 2⁵⁶.

Quirinus, 182. 429.
Quirites, 429.

R

Rabbi·Moyses, 189.

14611611, 231.

1466166, 381.

Ravennae 161. Petrus Rav.], 369.

Rebecca, 120.

Ripa Sardaua, 347.

14666616, 10. 339.

Roma, 343. 429. 440.

14616661, 11. 42. 81. 82. 124181. 182.
183. 184. 271. 291. 336. 343., 428.
440442.

146616166, 362.

Rufinus, 174. 175. 296.

1476611166, 34. 48. 67. 260. 261. 337.

8

Saba, 97.

Sabelliani, 363. ‘

Sadduccaei, 239. 291.

Sallustiani, 378.

Sallustius, 22. 23. 143. 378. 402.

Salomon, 29. 37. 45. 55. 62. 84. 91. 92.
96. 97. 100. 107. 115156157.
170. 171. 188. 189. 219. 221. 229.
231. 233. 251. 258. 260. 274. 276.
280. 302. 305. 311.

866166, 94.

Sampson, 381. 418. 428.

Samuel, 381.

Samus, 182.

Sapiens 161. 861661661, 96. 372.

Sapientes 1861116161, 370.

8616, 272.

Sarraceni, 189. 220. 291.

86161666, 25. 82. 90. 119. 158. 218.
277. 415.

Satyrus, 365,

Saul, 4. 93. 94. 113. 223. 391. 436.

Scipio lei. Africanusl, 60. 61. 444.

Scorpio, 83.

Scotus Michael, 68. 313.

29’ ’

 

