Ephesus, 21.

Ephialtes, 444.

Epictetus, 59.

Epicurei, 86. 141. 176. 180. 198. 241.

Ε111111111,104. 132. 175. 176.189.191.
199. 249. 280. 290. 291. 386. 388.
415. 420.

Epidaurus, 429.

Epigmenides, 51,

1111111111, 109.

Esclapius [1111111111111 116.

EacuIapius, 178. 183. 245. 290. 291.
317. 429.

1111111362.

1111111339.

Esther, 93.

1111111111 [11. 111111, 367. 402.

Ethiopia, 134. 142143.

Ε11111111, 17. 88. 111. 148. 182. 184. 215.

235. 247. 259. 371. 380. 412. 417.
Euclides, 168. 281. 322.
Euphrates, 142. 143.
Eusebius, 116. 163.
Eustochium, 149.
Eva, 142. 265. 328. 421
1111111111, 142.
Ezechias, 106.
Ezechiel, 381.

F

Fabricius, 60. 61.
1111111111, 343.
Falernae, 125.

Farao [11.Ρ11111ο], 115.
811111111111, 115.
Faunus, 182.

Favorinus, 115.
Ferdiuandus, 13.

1111111 [1111111111 381.

Firminus lci.Lac1antius], 2. 24. 48.
Florentia, 134. 407. 433. 445.
1111111111, 8., 111 138. 280. 281.
8111111111, 883.

Fronto, ⁶0. 61.

Furiae, 23.

Gades, 332.

611111,7.

Galba, 7. 169.

61111111, 82. 86. 188.

61111, 288. 361.

Ganges, 143.

Gemini, 83. 443.

6111111, 86. 220. 251.

Genethliaci, 108.

Genosophislae‚ 141.

Georgius, 437.

Germanus, 114.

Gion,142,143.

Gorgias, 111. 377.

61111, 168.

6111111111146.

Gratianus, 39. 50. 88. 146. 149. 151.

Greci, 50. 81. 94. 99. 105. 110. 143.
148. 246. 262. 291. 296377. 393.
428. 442.

611111, 312. 342. 177.

Gregorius Magnus, 4888. 114. 129.
151. 159. 160. 243. 261. 289. 292.
301. 321 834. 341. 411.

Gregorius Nazianzenus, 48. 87. 159.
258. 296. 359. 375. 381. 411.

Gregorius 11711111148. 190. 411.

Η

Habraham [11. 1611111111, 37. 42. 48,
200. 272. 273. 274. 340.

11111111, 15.

Hannibal, 444.

Harpalicen, 3.

Hebraei, 10. 91. 169. 200. 201. 221. 234.
299. 311. 314. 336. 342. 397.

11111, 113. 406.

Helena, 148. 260.

Helias, 381.

Helinandns, 162.

Helisaeus, 213. 381. 428.

Heracliius, 103. 110.141. 143. 175. 246.

1111111, 106.

 

