Trismegisius [ci. Mercun'usl, 15.

Trogus, 38. 81.

81666429.

Tubal, 245.

Tullianus 161. (3166161, 83. 176.

Tullius [cl. Cicero], 22. 36. 64. 70.
107. 110.121. 138. 163. 213. 214
220. 290. 292. 357. 360. 365. 371.
372. 375. 377. 378. 380. 402.

Tuscia, 342.

cmm
U

Ulyx, 60. 61. 71. 151. 260.
111116, 110.
Uticensis [61. 06161, 99.

V

Valentinianus, 291.

Valentinus, 175.

Valerius-Maximus, 17. 23. 98. 109. 120.
182. 277. 354. 445.

Varro, 13,15‚ 84,106.108. 121. 131.
139. 178. 180. 340350. 352. 356.
359. 360. 365. 371. 372. 380. 381.
386. 401.

Vegetius, 10. 81.

Venetiae, 134. 431.

Venetnm, 134.

Venus, 90. 106. 153. 158182232260.
347. 371, 429.

Vespasianus, 7. 169. 429.

Victorinus, 283.

Vincentius {Belvacensisi 105. 163. 261.

Virgilius, 24. 25. 38. 52. 8485109.
124. 138. 163. 179. 200. 213. 221.
275. 290. 352. 372. 377. 378. 379.
443.

Vitus, 354.
Volierrani 661166, 342.
Vulcanus, 177. 182. 260. 346. 347, 437.

Χ

Xerxes, 297.

Y

Vesus-sirach, [c1.1eshus·8.l, 260.
Vllum [Ilium], 371.

81166166, 90.

8116616166, 245. 290. 317. 339. 340.
86666, 120. 272. 362. 381.

866166, 2. 4. 26. 106. 234. 246. 317. 319.

332.

8611161116 [61. 611661 Isidorusl, 5. 33. 36.
48. 109.132. 143. 1⁶1.175. 177.
mmmmmmm
335. 406.

8616, 182.

86611116 161. Α66611116],140,428,

816116 [ci. ltalial. 288.

8116, 127.

Ζ

Zantici [philosophil. 122.
zebedaeus, 89.

Zetus, 245.

Ζ6116, 101. 141. 175. 176. 388.
Zenocrates, 104 231.
266611116116,22. 104.
2616661166, 141. 339.
zorobabel, 339.

 

