150

Apelles, 109. 290.

Apocalypsis, 216.

Apollo, 99. 100. 113. 182. 215. 317.
388. 128. 112.

Apollonius, 63. 277.

Apostolus [ci. S. Paulusl, 11. 19. 39.
52. 87. 119. 127. 181.185.210.
215. 226. 231. 236. 237. 239. 210.
211. 213. 216. 217. 259. 272. 290.

295. 296. 306. 309. 311. 317.
Apulegius [1111111111 108. 211.

270. 311. 320. 131. 111.
Apuleius [Lucius]‚ 19. 21 85. 97. 260.
290. 316. 353. 378. 115.
Apuli, 312.
Aquarius, 83. 119.
Arabici, 291.
111111, 51. 95. 111.
Archias, 91.
111111111199. 163.
1111118111 {Arcesilai 111.
111111111101. 110. 115.
11111111126.
Arconeiunus, 290.
1111111111111, 291.
Areopagitu [11.1)111γ11111], 30. 123.
11111111 [Leonardus Bruuil, 125. 161.
Argos, 91
1111111383.
11111139.
Aries, 83. ,
Aristodemus, 162.
Aristomenes, 260.
Aristippus, 387.
Aristoteles, 11 21. 72. 81. 81. 811101.
115. 131. 138. 176.187.189.190.
196 205. 213. 211 220. 215. 256.
259. 275. 790. 327. 329. 332. 350.
357. 362. 363. 370. 372 377. 378.
380. 381115.
de Anima, 28. 58. 216. 216. 321.
de caio 11 Mundo, 195.
Ethicor„ 59. 69.·111. 365. 366. 367.
369. 376. 102.
Methuphisicor, 20. 32. 35. 68. 185.
201. 207. 261.

Physie. 222.

Potitio. 18. -

Posterior. 203. 201

Prior. 217.

Topic. 51. 310101.

de Vegetobiiibus et Piantis, 21.

Armenia, 113.

Arpi, 125.

Arrius, 175. 197.

Arseuus, 286.

Arthemesius, 123.

Asclepius, 111. 116.

Assyrii, 112. 113.

Astarsius. 317.

Astrologi, 86.

Astrouomi, 119.

1111111111, 339. 310. 127.

11111111, 215362. 117119.

Athanasius, 18. 182. 381

1111111111361.

Augustinus, S, 8.17. 21. 25. 31. 32 18.
52 61. 88. 91. 92. 109. 111. 115.
117. 132. 138. 139. 111. 113. 153.
157. 172. 171 180. 211. 212. 211
217. 235. 215. 258. 261. 280. 281.
289. 301. 321 328. 333. 315. 373.
376. 383. 381. 388. 392. 111. 112
111

de Apostoiis sem, 309.
ud Bonisacium, 298.
de Cutechizundis rudibus, 67.

de Civitate Dei, 11. 15. 16. 19. 27.
72. 98. 105. 106. 107. 108. 113.
178. 181. 192. 253. 271. 279. 296.
311. 320. 327. 329. 339. 310. 311.
312. 313. 316. 350. 358. 360. 361.
³79: 380. 385. 387. 393. 100101.
105. 123. 138140. 111.

01111111ο111111111, 12. 217. 313.
ad Demetriadem, 330.

ad Dioscorum, 191.

de Divinatione demonum, 111.

de Doctrina christiana, 211. 19.
83. 86. 128. 152153260. 291.
309. 331. ’

contra Epistoiam fundamenti, 71

 

