454

116166166, 63125. 178. 181. 196. 301.
332. 407.
11611666 105. 106. 111. 116. 192. 350.
Hermogianismus. 290.
Herodes. 135.
Η6111661, 291.
116661166 [11666671661354.
Hieronymus, S.. 24. 42. 48. 51. 65. 67.
92. 96. 104. 121. 125.129.131.
143. 145. 148150. 153174195.
213. 232. 235. 243. 247. 256. 258.
289. 300. 301. 304. 310. 345. 346.
377. 379. 384 388. 391. 392. 395.
411.
ud Damasum„de [1116 prodigo,
127.182.242.
super Ε661661661611, 218.
ad Eustochium, 149. 302.
contra Iovinianum, 111.
super isaiam, 334.
ad Magnum, oratorem, 64
ad Paulinum. 41. 63. 193. 244. 246.
01611161.αά Titum, 146. 294.
Hierosolyma, 123.
Hispani. 13. 361.
1116161161, 122. 163. 379.
Holophemes, 23.
Homerus, 52. 94. 138. 163. 164185.
191. 200. 213. 303. 339. 354. 372.
408. 428.-
11611666166, 12.
11661166616, 39. 293. 344.
Hugo a 8. Viciore, 8. 44. 48. 59. 61.
64. 256. 257. 305. 331.
1166616634
1171161166, 48. 50. 411.
Hymenaeus, 239.
Hypocras‚ 90.
Hyrenaens‚2283.

Ι 1

Iacob, 29. 362. 381.

Iacobus, 241. 276. 371. 376. 381.
166666, 52. 238.

Ianus, 429.

INDEX

1666161, 360.

Ieremias, 318. 340. 381. 391.
lesbus-sirac, 123.

Indi, 299. 361,

India, 143.

Innocentius Papa, 288.

16666, 245.

1666611γ1666, 132.

Iob. 37. 66. 91. 93. 222. 371. 381. no
Iohannes Baptista, 273. 381.

Iohannes, Evangelisia, 12. 14. 328.
371. 381. 392. 413. 426.

1611661166 [(16116616111161, 95.

166666661661661666, 56 399.

166161, 86.

1666111185. 103. 121. 322. 381. 443.

Iosephus. 27. 245. 440.

16666, 71. 106. 381.

Iovinianus, 111. 153. 277. 284. 601301

Irenaeus, 258.

166166, 124. 126. 381. 397. 425.

Isidorus [cf. aussi Ysidorus}‚ 5. 24«
123. 175.

16161161, 11. 265. 333. 362.

Israheliiae, 65. 242.

116116, 342. 407, 442. 444.

1161161, 360.

Iuba, 182.

Iudas, 52, 381. 413.

111201, 12. 13. 21. 27. 1⁶9. 169. 2⁹⁹·
337. 357. 361. 364 384.

ludin, 23. 93.

16116666. 268. 280.

Iulius Caesar, 8. 120. 157.

Iuno, 18. 28. 218. 237. 222.

116161, 14. 66. 129. 1112. 191. 618451
353. 429. 439. 444.

16611616666, 94. 309.

Iustinus, 81. 222.

Iuvencus, 95. 411.

Κ

Κ61611116, 24.

Α

 

